function g = SNH_tet_dF(in1,C,D)
%SNH_TET_DF
%    G = SNH_TET_DF(IN1,C,D)

%    This function was generated by the Symbolic Math Toolbox version 8.5.
%    18-Nov-2020 21:19:27

%Version: 1.0
F1_1 = in1(1);
F1_2 = in1(4);
F1_3 = in1(7);
F2_1 = in1(2);
F2_2 = in1(5);
F2_3 = in1(8);
F3_1 = in1(3);
F3_2 = in1(6);
F3_3 = in1(9);
t2 = F1_1.*F2_2;
t3 = F1_2.*F2_1;
t4 = F1_1.*F2_3;
t5 = F1_3.*F2_1;
t6 = F1_2.*F2_3;
t7 = F1_3.*F2_2;
t8 = F1_1.*F3_2;
t9 = F1_2.*F3_1;
t10 = F1_1.*F3_3;
t11 = F1_3.*F3_1;
t12 = F1_2.*F3_3;
t13 = F1_3.*F3_2;
t14 = F2_1.*F3_2;
t15 = F2_2.*F3_1;
t16 = F2_1.*F3_3;
t17 = F2_3.*F3_1;
t18 = F2_2.*F3_3;
t19 = F2_3.*F3_2;
t20 = F3_3.*t2;
t21 = F3_2.*t4;
t22 = F3_3.*t3;
t23 = F3_1.*t6;
t24 = F3_2.*t5;
t25 = F3_1.*t7;
t26 = -t3;
t27 = -t5;
t28 = -t7;
t29 = -t9;
t30 = -t11;
t31 = -t13;
t32 = -t15;
t33 = -t17;
t34 = -t19;
t35 = -t20;
t36 = -t23;
t37 = -t24;
t38 = t2+t26;
t39 = t4+t27;
t40 = t6+t28;
t41 = t8+t29;
t42 = t10+t30;
t43 = t12+t31;
t44 = t14+t32;
t45 = t16+t33;
t46 = t18+t34;
t47 = t21+t22+t25+t35+t36+t37+1.0;
g = [-C.*t46+C.*F1_1.*2.0-D.*t46.*t47.*2.0;C.*t43+C.*F2_1.*2.0+D.*t43.*t47.*2.0;-C.*t40+C.*F3_1.*2.0-D.*t40.*t47.*2.0;C.*t45+C.*F1_2.*2.0+D.*t45.*t47.*2.0;-C.*t42+C.*F2_2.*2.0-D.*t42.*t47.*2.0;C.*t39+C.*F3_2.*2.0+D.*t39.*t47.*2.0;-C.*t44+C.*F1_3.*2.0-D.*t44.*t47.*2.0;C.*t41+C.*F2_3.*2.0+D.*t41.*t47.*2.0;-C.*t38+C.*F3_3.*2.0-D.*t38.*t47.*2.0];
