function g = neohookean_tet_dF(in1,C,D)
%NEOHOOKEAN_TET_DF
%    G = NEOHOOKEAN_TET_DF(IN1,C,D)

%    This function was generated by the Symbolic Math Toolbox version 8.5.
%    10-Nov-2020 20:59:49

%Version: 1.0
F1_1 = in1(1);
F1_2 = in1(4);
F1_3 = in1(7);
F2_1 = in1(2);
F2_2 = in1(5);
F2_3 = in1(8);
F3_1 = in1(3);
F3_2 = in1(6);
F3_3 = in1(9);
t2 = F1_1.^2;
t3 = F1_2.^2;
t4 = F1_3.^2;
t5 = F2_1.^2;
t6 = F2_2.^2;
t7 = F2_3.^2;
t8 = F3_1.^2;
t9 = F3_2.^2;
t10 = F3_3.^2;
t11 = F1_1.*F2_2;
t12 = F1_2.*F2_1;
t13 = F1_1.*F2_3;
t14 = F1_3.*F2_1;
t15 = F1_2.*F2_3;
t16 = F1_3.*F2_2;
t17 = F1_1.*F3_2;
t18 = F1_2.*F3_1;
t19 = F1_1.*F3_3;
t20 = F1_3.*F3_1;
t21 = F1_2.*F3_3;
t22 = F1_3.*F3_2;
t23 = F2_1.*F3_2;
t24 = F2_2.*F3_1;
t25 = F2_1.*F3_3;
t26 = F2_3.*F3_1;
t27 = F2_2.*F3_3;
t28 = F2_3.*F3_2;
t29 = F3_3.*t11;
t30 = F3_2.*t13;
t31 = F3_3.*t12;
t32 = F3_1.*t15;
t33 = F3_2.*t14;
t34 = F3_1.*t16;
t35 = -t12;
t36 = -t14;
t37 = -t16;
t38 = -t18;
t39 = -t20;
t40 = -t22;
t41 = -t24;
t42 = -t26;
t43 = -t28;
t59 = t2+t3+t4+t5+t6+t7+t8+t9+t10;
t44 = -t29;
t45 = -t30;
t46 = -t31;
t47 = -t32;
t48 = -t33;
t49 = -t34;
t50 = t11+t35;
t51 = t13+t36;
t52 = t15+t37;
t53 = t17+t38;
t54 = t19+t39;
t55 = t21+t40;
t56 = t23+t41;
t57 = t25+t42;
t58 = t27+t43;
t60 = t29+t32+t33+t45+t46+t49;
t61 = t30+t31+t34+t44+t47+t48+1.0;
t62 = 1.0./t60.^(2.0./3.0);
t63 = 1.0./t60.^(5.0./3.0);
g = [C.*(F1_1.*t62.*2.0-t58.*t59.*t63.*(2.0./3.0))-D.*t58.*t61.*2.0;C.*(F2_1.*t62.*2.0+t55.*t59.*t63.*(2.0./3.0))+D.*t55.*t61.*2.0;C.*(F3_1.*t62.*2.0-t52.*t59.*t63.*(2.0./3.0))-D.*t52.*t61.*2.0;C.*(F1_2.*t62.*2.0+t57.*t59.*t63.*(2.0./3.0))+D.*t57.*t61.*2.0;C.*(F2_2.*t62.*2.0-t54.*t59.*t63.*(2.0./3.0))-D.*t54.*t61.*2.0;C.*(F3_2.*t62.*2.0+t51.*t59.*t63.*(2.0./3.0))+D.*t51.*t61.*2.0;C.*(F1_3.*t62.*2.0-t56.*t59.*t63.*(2.0./3.0))-D.*t56.*t61.*2.0;C.*(F2_3.*t62.*2.0+t53.*t59.*t63.*(2.0./3.0))+D.*t53.*t61.*2.0;C.*(F3_3.*t62.*2.0-t50.*t59.*t63.*(2.0./3.0))-D.*t50.*t61.*2.0];
