function H = neohookean_dF2(in1,C,D)
%NEOHOOKEAN_DF2
%    H = NEOHOOKEAN_DF2(IN1,C,D)

%    This function was generated by the Symbolic Math Toolbox version 8.5.
%    09-Nov-2020 22:45:30

%Version: 1.0
F1_1 = in1(1);
F1_2 = in1(3);
F2_1 = in1(2);
F2_2 = in1(4);
t2 = F1_1.^2;
t3 = F1_2.^2;
t4 = F2_1.^2;
t5 = F2_2.^2;
t6 = F1_1.*F2_2;
t7 = F1_2.*F2_1;
t8 = D.*F1_1.*F1_2.*2.0;
t9 = D.*F1_1.*F2_1.*2.0;
t12 = D.*F1_2.*F2_2.*2.0;
t13 = D.*F2_1.*F2_2.*2.0;
t10 = D.*t6.*2.0;
t11 = D.*t7.*2.0;
t14 = -t6;
t15 = -t7;
t16 = -t8;
t17 = -t9;
t18 = -t12;
t19 = -t13;
t23 = t2+t3+t4+t5;
t20 = t6+t15;
t21 = t7+t14+1.0;
t22 = D.*t21.*2.0;
t24 = 1.0./t20.^(2.0./3.0);
t25 = 1.0./t20.^(5.0./3.0);
t26 = -t22;
t27 = t24.^4;
t28 = t24.*2.0;
t29 = F1_1.*F1_2.*t25.*(4.0./3.0);
t30 = F1_1.*F2_1.*t25.*(4.0./3.0);
t31 = F1_2.*F2_2.*t25.*(4.0./3.0);
t32 = F2_1.*F2_2.*t25.*(4.0./3.0);
t36 = t6.*t25.*(8.0./3.0);
t37 = t7.*t25.*(8.0./3.0);
t39 = t2.*t25.*(4.0./3.0);
t40 = t3.*t25.*(4.0./3.0);
t41 = t4.*t25.*(4.0./3.0);
t42 = t5.*t25.*(4.0./3.0);
t44 = t23.*t25.*(2.0./3.0);
t33 = -t29;
t34 = -t30;
t35 = -t31;
t38 = -t32;
t43 = -t36;
t45 = F1_1.*F1_2.*t23.*t27.*(1.0e+1./9.0);
t46 = F1_1.*F2_1.*t23.*t27.*(1.0e+1./9.0);
t47 = t6.*t23.*t27.*(1.0e+1./9.0);
t48 = t7.*t23.*t27.*(1.0e+1./9.0);
t49 = F1_2.*F2_2.*t23.*t27.*(1.0e+1./9.0);
t50 = F2_1.*F2_2.*t23.*t27.*(1.0e+1./9.0);
t51 = -t47;
t52 = t30+t35+t45;
t53 = t29+t38+t46;
t54 = t32+t33+t49;
t55 = t31+t34+t50;
t68 = t40+t41+t44+t48;
t56 = C.*t52;
t57 = C.*t53;
t58 = C.*t54;
t59 = C.*t55;
t69 = t39+t42+t44+t51;
t70 = C.*t68;
t60 = -t56;
t61 = -t57;
t62 = -t58;
t63 = -t59;
t71 = C.*t69;
t73 = t11+t22+t70;
t64 = t16+t60;
t65 = t17+t61;
t66 = t18+t62;
t67 = t19+t63;
t72 = -t71;
t74 = t10+t26+t72;
H = reshape([D.*t5.*2.0+C.*(t28+t43+t5.*t23.*t27.*(1.0e+1./9.0)),t66,t67,t74,t66,D.*t3.*2.0+C.*(t28+t37+t3.*t23.*t27.*(1.0e+1./9.0)),t73,t64,t67,t73,D.*t4.*2.0+C.*(t28+t37+t4.*t23.*t27.*(1.0e+1./9.0)),t65,t74,t64,t65,D.*t2.*2.0+C.*(t28+t43+t2.*t23.*t27.*(1.0e+1./9.0))],[4,4]);
